32.564659536918
32.8028876303396
28.2663215937519
19.2772309085314
49.8531023710517
25.8173468792486
27.0576690905414
42.4579486334267
31.1054478878464
26.0561149340517
31.3455371924533
32.6839414779541
16.0728619812386
31.4406605482927
24.2370750381674
34.4507896464479
39.1699941940167
24.7548894612113
27.0521942422286
44.1668700577267
14.6902571917993
40.3895304565904
20.6443265920675
30.402577060674
35.1370201581008
25.4534164366733
39.0337478529161
22.1854210970984
32.8332888376857
26.6661903054373
32.2345973662507
42.1145839865698
31.006898356215
22.5101597686513
33.6842860877833
28.9967655032954
24.1392594740171
30.3093202135277
24.3817161199908
14.3063192355567
29.4442416015395
23.5494960537529
29.8235331384977
18.5426492729978
29.0780240622686
33.9295522779939
29.3825293803725
24.2313541759768
32.6285928831033
13.4676836046788
44.1484603249242
34.7246032318646
42.8177631932046
37.6797356263292
33.7321089255182
42.7161961803088
25.1177272091514
32.8387664243706
36.2461484521568
12.8201661036317
19.9082335183558
26.4922770749697
34.6891801367049
26.590870110294
33.1662315662754
19.165585816972
36.9171849199296
16.6232323560282
39.146533741019
23.9625710927659
39.7435796505513
31.7019189255747
16.3139595766474
22.5635050126249
33.0716144374022
17.6105596292465
13.0126947927446
11.524672939836
41.7483392738332
38.5956059115117
4.29532585394285
40.792955039801
44.1536995713775
48.947055276728
12.4885053147457
27.689863438459
39.7097889726526
26.2963381903166
27.3100055702276
21.247428465493
32.0994972374205
33.8178443274306
16.3627334966611
33.4600153590468
49.3451883418049
33.4272691925661
35.7751464110679
31.1971190255501
34.1299503609158
30.6155535021403
10.8655317808233
38.8830303294088
28.8047270086742
29.2480050023394
14.8014496000734
19.2116764555876
35.5044460647944
17.3590154072735
37.0434966125016
11.9194768500157
30.8666317019409
18.3902744871705
33.888519679896
41.98874703572
18.8116672421488
23.8647036697193
21.1089904264417
15.893458272551
18.1569703846262
31.3232326167745
43.559309340757
24.3403872011478
29.2053655387343
33.3756801694054
27.9161793971117
41.5643029926461
29.7534483315038
39.2307366970431
29.5368314372504
18.306779942128
24.7091695164696
37.665821175578
27.9748468785697
22.7069944196077
32.6138417893459
21.7399976652676
29.2989285714227
13.1829199560278
26.3403902473499
26.2827192054585
32.4209837578105
37.4468840498504
30.343293630656
24.8025768818543
29.0361034716138
37.1744478650838
33.6306973461009
13.7695827375474
30.7001007426447
39.6491606782473
19.4149624534364
42.3854599607353
23.2744701759344
27.2096741401118
45.0038301972457
48.9104466538405
19.2642447967263
27.8255555893795
30.4625239048595
5.7258856478792
25.8605888954479
24.4819871558251
22.3590418083529
24.226586248975
31.8276208228442
15.9034021344883
41.5609802531965
21.2899011985217
15.36688846741
37.7098624818995
27.4188450502794
15.1136757287792
21.648483023344
22.3547703038245
22.0336305509204
17.9767066159027
34.3263893074044
29.9320582673012
42.2820890584509
34.3188501063162
9.29947622113553
22.555480666962
37.5376535892711
35.4730785055368
37.3196197558818
18.6372236741741
30.0523723884013
33.3857563584574
27.0404043979406
38.7209411248437
28.5253577469899
31.1105898033666
28.9057814976105
33.4991529560831
37.1731531638488
5.13795990758409
37.0205595434475
31.0274417331726
28.3290497784935
23.1714680798091
26.0119269115998
23.2936516714594
28.8905939998473
38.5904095076969
29.7341254571732
27.4007034970924
26.7086724672093
33.0818859301194
22.866269406267
34.6966998141525
46.0951755730205
31.4713237296804
32.7146176570386
20.2881771065553
9.91579756425742
27.1121591854119
16.7886836243828
14.7903512802107
21.2975514164633
30.0069554056636
24.4764706356164
46.4853124289366
28.1921297166514
41.8786020608889
13.9333814758248
18.3132307109903
19.8026240097603
38.2915638572605
23.7112532362405
14.4888886817816
29.1849099467499
25.3515735468085
23.4645922425849
31.6469258738217
39.2748325509673
41.9977830342448
21.8363669544649
31.5046136401307
14.0117590681807
36.4547622905997
24.0639962270823
41.4984946653785
42.9001651971575
27.2645758053386
28.8779867078133
29.1009355808448
44.6804020304761
28.8928029902637
9.70783977333097
26.4408132889473
25.0695656584383
42.9369488373877
24.6026800244827
21.4746976526283
29.1513707155191
29.7156911854453
16.9150029407867
27.0283432476496
16.6087677426568
39.980321192836
45.6395737913682
24.6461087454571
44.2516050816584
24.9810741540722
24.9936653246951
20.2529999342228
39.2525289365883
34.8011408547434
40.7842743420818
29.1973276424395
39.1098928244162
42.4219144566791
38.0087613514696
12.0932315391284
19.7316397681651
17.4380028282158
27.2772908565137
24.6608357620734
25.367022012727
34.8551726589028
13.7516715874886
24.7991406062886
10.3983825380298
25.0967891718096
33.4387724817162
26.1654991142011
31.5426286008107
45.9055463797671
18.0492613879604
22.1966092512096
26.1873315697635
39.5966043255309
28.4660546254668
34.4719430739004
23.4956344557198
20.2673639441018
26.7050977506439
15.5337048701044
26.9233296663498
33.4052991849477
33.295467540454
29.2038011705789
30.1847891298708
21.6418344644719
25.8377300609692
27.0011768777693
39.3353335835669
41.0235210255211
41.6745845483236
44.468368010583
29.6648604785927
14.9131713597554
27.3428333981174
41.8133129569664
20.3104293718923
15.5093497097115
32.5716050165668
17.1062022595058
32.1511356657011
34.3790914373492
43.556341268506
42.6534459902876
25.5462502214522
14.7926890826032
15.2465484513867
28.2402699398008
38.1882004794434
39.2689731256504
26.2739603111648
22.3068375354878
21.7109682304887
39.1227376087376
33.0283640002599
18.4047115498456
29.8190272739479
34.7723095064392
19.740093531001
26.6687289741253
23.1299809012083
30.0080752310348
32.826419430633
13.924289680405
33.3873690669402
1.82400571263194
48.7337685388536
35.406972191503
17.996507449638
25.0806585182244
15.8563015115003
42.8418652017041
26.0242856690291
36.8413349301066
40.7375360286125
19.8205301931406
13.9773171419593
25.8191445000785
24.6563727057279
37.1311673980429
32.8295239919868
24.3953958276792
40.2025933680249
33.045634127978
35.7229024066641
16.286006321059
40.6532287953676
16.5241053369071
28.7777763684801
24.8619951737523
22.2618684646459
42.1148057773138
12.8286020190843
24.13664680448
32.3068671757889
26.5003865777079
13.4408286991563
29.3000363349165
23.0708418844861
43.2974857779234
27.3916872575952
13.3735831879776
36.5937199581717
27.618888707634
35.0080561740321
25.0315604167063
33.5859343516305
3.25169831296232
40.7776255907149
46.9749388212665
28.4823649109436
39.5788720380068
18.4990046279501
28.5028857923886
24.3081962648531
15.0095168774089
35.599907429247
42.3768302464358
22.9377038845453
23.54522619384
52.824767198372
36.3689499261242
11.7824759165735
40.1858373484854
30.3378883246259
16.432820431664
16.8063043850164
37.5489783106217
25.4268135354112
32.158064525368
40.1605035355792
24.7883386145702
10.0296838981633
38.1674256061276
35.762043150556
40.5828140291247
26.7362394286494
34.6945000698913
38.1426521640279
16.1285850207671
29.9796011236962
19.6107343124835
22.3789598127254
23.6757216230743
24.9609240858031
44.5590102026401
13.8950387411884
28.5378693464436
47.2328362104942
29.5368025048117
20.5448948838041
18.3947701272093
21.9202724764611
18.775680011113
41.8142770358573
31.4083493097971
24.284124636447
24.7786183302667
16.3973271578967
12.7682617635591
32.9160467006997
17.1305072450155
20.4597348325735
25.9086437597826
27.27918311884
39.1610970668576
22.44256956145
15.8664600977303
28.8068658232209
38.9569146005088
15.5377510547568
17.5315180978465
34.0713145760054
17.9668306391716
18.4247125234978
15.7402167773342
22.754098314357
5.24567834527461
38.983913786765
27.0112382478966
34.4931882052171
20.2552062196677
32.748516090934
36.8587350979096
13.4683697547925
37.5990548599873
22.247375859073
36.6122456714178
43.4943331724136
17.0342027920239
39.0391038954207
14.1255073740408
14.0172372889004
23.2163183982915
25.5506247323034
25.4494191611088
34.7737026297024
36.7251531905183
22.1166419096901
31.4904213283353
11.8047383329064
20.0138081562909
22.9357656878263
46.4224600590519
34.1722384024576
19.3967461864998
39.711644102252
21.0573615272951
42.9626470144612
44.6349969196482
39.8842352572956
49.7891081744386
13.64370894827
23.12107692512
34.3835060219551
17.0775440373599
18.2035570060345
29.6206241666503
38.1796739954765
29.7134810093943
42.6001813778644
19.1667052058821
36.7987917397155
26.9825125468868
22.1913888661748
31.9026924089628
12.92723937939
40.0430715253022
37.9160833155015
30.9262030122935
31.1152545164034
13.6238305333402
30.786903375516
28.2744443631222
29.0776092728271
35.6373772307846
22.2247495518142
34.968772351505
30.563042753723
31.9672149137009
21.9180465416093
17.9181729072165
42.3684981664077
30.8693106176143
23.5814130013983
25.1914006164223
0.821106379252129
25.3659751554754
26.1446933230592
38.788431292451
36.7637660392551
39.6501053021284
21.3310274102709
22.9394094271154
38.2009829878413
37.5577860713149
16.115913280979
23.5084587701763
29.6013445171255
9.97162897730524
32.8252610782753
41.571148161525
31.8285238497299
23.5754642202852
40.0200609154827
23.5446742857933
33.7401581383283
38.0240583352781
28.1290360409903
19.8424835513685
27.4635233655457
39.8818013216187
19.6373408812404
30.4532372180209
23.6900687772352
27.3546590568241
44.8752877934283
34.8439510496859
38.1522237167323
26.9690949944007
36.278322940099
12.5973768343508
26.169282491502
31.0431793093221
42.7285774652684
39.3177873628702
33.6412161885811
22.7595390622632
36.068303586706
43.7964690608473
32.7052353816869
26.078668947848
27.648299339219
31.9564557776979
41.5170804771469
33.8164057787155
19.587133462136
30.6413677102751
33.6597320954981
13.9988148512328
17.0483545440903
37.6726494988437
19.0393564246192
38.9845150754265
30.3676310307878
23.2025323422215
20.3510132720002
24.718958838284
44.2910132916716
21.0271979978446
15.7980703793478
32.9790408801859
37.6466538038137
23.7656031531725
43.8463774043681
23.6669341096494
26.8736036885344
28.0970345852345
29.2549971630195
18.458769471302
36.2321995594577
31.5700624176397
29.3906027716773
18.6968900540951
23.2372381097462
36.1503995861691
28.9297785286971
27.2651694027084
40.9178224597069
12.9133287378758
22.3183753639525
24.5217268683512
28.3377633639003
28.1573712966398
31.0493442919777
37.3664094120073
15.9638268551472
27.8256988925919
42.5228068068586
39.9025944636833
21.3402178013121
35.9366984446459
31.7899510135132
32.8777657863495
32.489735969066
27.7703287993502
28.0863932166719
26.9226267473175
29.9385754521352
23.0602810626449
19.4786494778712
48.5143094928801
18.5278983755543
47.7465334558256
24.3192368677922
21.8303581007838
37.2854554581373
15.6032400243913
47.3736775892359
44.3537046189429
41.0795166841222
30.6418871023177
15.1240052583555
10.2371426734242
28.4615480549404
22.1123699529913
39.7053371358401
43.2547727145415
33.2930896709235
17.1863874439625
6.80778422526741
34.5394220190287
12.2355047804533
24.359643808008
20.7116464314585
24.5005238562992
16.6767518276676
28.6935223541783
17.2513722479052
10.9786124245778
39.8038219726107
7.93681922519659
8.49732142062849
29.6097915273345
37.2003189118444
44.0118729411806
48.7917352223232
20.0401834332636
30.6075058353895
13.4661536462483
30.4341272833925
38.148824019817
43.9160137354711
13.9005296798358
20.483858539241
42.1416325572819
36.4940980062264
31.6977203851947
34.4002176221081
5.23148243060332
32.5656328497252
29.9616050673755
31.212572864288
34.4980308043592
39.2754270366964
28.2948504914364
33.2620394720665
5.24360409052534
24.4443388622059
19.194881486084
27.0517757399739
28.1167473613968
39.8621927329091
15.9021162927844
41.3066935674993
34.3214714921293
14.4294971362678
21.131168824899
27.5374808972224
37.6718072353067
29.6892421631264
29.9449930092829
19.8318764525892
32.2111245717089
32.958222123399
20.6017383387846
27.3568329774562
21.8195225669441
25.8091953180262
38.1421777247457
17.6184469454502
26.7675779509414
41.6140307194099
37.6929526600562
22.2773617277386
16.750934927263
7.6328454774297
45.6427250784107
28.0417843829196
39.8499180695689
27.8165532907706
33.001283028179
32.5605001601979
13.0966851033351
35.1104022010619
34.0338372852945
23.1815591928412
43.8312076565416
27.4611907044718
47.9522497500679
41.7497300660676
30.1240653256889
45.6836171194652
22.5423552991785
40.3921584939523
17.4854380308643
34.2143581547544
17.6101133060602
35.2755866098351
22.3534225905379
17.7924014737324
20.845095582371
15.9206564768722
25.682991768965
33.0297706208362
23.1846455236421
26.6000468598155
17.7828768971498
18.1562310368877
26.1637857694831
29.6499392492425
38.5016473445019
18.6653232831466
11.8348792111565
17.3440273383104
30.8498136880047
36.5455356500683
26.1559760406018
32.2541322404543
35.0337992346461
16.9400067937932
26.6888653315564
27.5290964929788
28.656230328526
23.5231033124576
35.466202280472
38.3361346632189
7.18639660520395
35.7014399975346
24.457324038976
17.4672255128434
46.4586876629338
24.0261940354304
26.7123479662996
33.0301490209649
3.36685718576733
16.8005763937691
27.331580987035
40.4160238251123
49.3118020420004
22.0142141494823
30.6558295604468
49.4543482253492
39.5324601545553
17.0098293324051
45.5583744380038
42.2762632203779
41.6340527644416
26.9819713441701
46.6255621483404
16.8788379530205
36.5495428658816
19.6010148291238
19.2908713499348
15.3320941086547
13.0168795424443
30.3108619811506
29.1974452026469
33.0311285717825
27.0027918225567
35.0217070360582
41.3437239372064
36.7397799943632
45.5856596908829
16.946629904268
29.0139038198962
14.5143514803856
15.5883946700515
43.6808991520996
25.673498885707
11.5420249054926
25.5775240507512
28.7094603671161
18.4512507220906
40.1328243074499
33.1258565346461
42.4008738454707
15.4753918493279
30.2191290222905
24.4561075263183
29.170271124995
48.3070772752169
38.3572968700438
47.0959784673964
47.2062820385875
22.1379764534174
26.5653479919444
32.1737015411807
20.3613309280496
29.6888600900364
12.2517506438346
23.9896638661187
39.8383057714892
37.2265522657557
19.7291606113704
44.4919558100435
32.9512048575658
16.3679886583763
30.8998742818612
24.2551812750418
35.5717103891333
41.2451944163445
21.3853250734462
31.4660337805637
25.8278048451849
6.52614273860065
30.9860583272679
33.4682581075139
43.2073312115063
31.7498520179415
16.0589033786798
17.513605274266
20.1281734900511
23.6860443909902
38.6355577608617
25.5161847969593
38.3608273917912
29.6721423056053
37.2733268266943
20.3304710115408
22.4240766913851
30.6949801086199
40.9682365138181
22.3369265814407
19.5536182919768
13.2932366541562
31.1248033589319
44.188021767831
18.3253412443572
19.3343179228892
20.9475443367579
38.2984508477869
30.1792723918153
23.275142617181
39.439226301239
33.11518733315
30.3216146556062
17.8141542764681
16.4402646331606
22.5027281732385
16.5398311161365
43.8621248270505
24.8349707275496
21.8186147638553
25.1634933514691
49.5695595509006
41.2817906613294
26.2168021839836
42.6359769452246
33.8453009183068
40.7513033499315
18.7559671804887
28.272618185893
25.395056184201
18.9279848838685
20.5855142126342
14.8836987977734
33.7896278148015
40.7138330708428
39.9365766912087
32.5239117394167
13.7958601853115
23.7102048134576
37.8051412712992
14.7501909393845
2.73472342757921
14.4375248990123
25.0980379743456
27.8981286661865
19.2692900528801
35.4270518525632
41.6575422793512
15.9090844646521
19.6601411128681
15.123961775862
28.0207440767283
22.9416503676812
24.225434440485
38.6552818485847
32.0453386978139
33.2144289941362
18.0838799588019
32.5990992480888
27.3205490076968
40.9449863321114
20.9972727507493
31.4166738965959
33.6172010060608
19.4606014339123
31.3003749577435
53.6072389442379
23.2570888355352
29.7857004610662
28.2612854249354
24.590770863507
36.6952317773476
24.368767994901
37.9957796165349
42.6226183543696
30.7973356469494
32.326595062075
39.5325806832314
46.3396738248357
38.6853809313533
22.6927527232901
38.5027159878552
19.5508435929649
28.2398510729184
17.0943333629075
22.5730058646897
17.8985867912341
25.7740499345109
18.9807950446073
42.1038890817781
33.4319450448662
22.3181662302878
15.8164590792593
26.4070996294043
17.6521787029481
37.0604477463832
29.200667193711
46.9417297481296
25.1075670906937
44.5196114189999
38.320301331352
40.7079400512128
44.3702024330356
28.1614659605576
16.6909045623133
25.1250699702717
15.0849972813643
43.4234073240706
30.6890585416999
18.531020156982
26.3426360212072
25.4087688552573
43.6045903355646
37.0600731994288
22.3088413223162
18.6106830630347
43.1650518214464
13.1262589418527
19.841744890048
41.3460184862465
46.8369151977505
33.7518229385352
18.5310842152056
14.8472129741869
1.8136203289523
33.1525624524761
44.2246217724239
38.9298134915644
31.5740688232745
37.883131035842
18.1978819606005
36.7552119532481
42.298812227399
38.3668280441708
44.1097608864016
21.2472326126211
41.7087710019013
39.7636578019135
45.7148316919733
30.6650107218603
17.418542104311
22.661184207225
30.2481842086804
35.8646967458599
17.8396540162645
16.2771256695131
25.196876892027
26.1810668402871
28.6898664125263
43.3619192665897
29.0558228266387
39.3348596114878
26.7787766596126
37.0465042692996
32.6057566804634
36.9113630401839
31.4202400315286
18.3833851363399
21.2398383668915
33.8755141453203
23.1088565528866
16.9479616254698
16.5624109569852
35.8843565332594
17.801148103068
28.6078197334781
9.1578881979556
28.5167561476735
40.7045299066815
36.3946468242015
40.3944102724537
36.9774049138516
18.6373716906513
40.1795855941973
15.2733236287337
39.7642498169719
16.3316275481773
27.6713692710533
17.0058716900653
30.684556157614
35.8060712536695
14.3605380793837
44.6498211128213
34.6375973665241
35.8055496259861
21.4826328280535
32.5839229852397
43.3970605990963
13.0837784041105
28.1231007270319
40.0788695954747
24.9419764003097
46.6511127328053
32.0324928498435
8.84833584165803
15.7485923856495
43.0635651506225
18.0617435596591
29.2149869476226
22.961727314848
39.7905907566593
14.9414413848907
41.2201797359908
13.1169837276849
42.0144380459361
22.8788331239944
30.2093627295196
31.1570330577078
15.7175757461871
28.7071835048492
25.0853275675635
29.6267168583194
26.4112074936752
29.6762607917973
12.0864163888598
32.9237444287396
44.1736842386176
32.0978706480725
43.5228009216297
39.5358724034713
33.2344652185587
4.2100368666319
34.3077597414389
35.5873620899143
42.1815890834982
37.2794189912232
41.4914959447751
47.9057880424684
35.9032904249457
22.6708224398443
35.8903714657874
26.1498722257557
32.7888923654689
21.9452617763338
15.5254200393826
12.0466976022662
26.5002686802611
46.2651479228069
42.7434942499323
23.9815839867426
16.1921620606079
43.8505305781043
24.7254746487336
21.4120239921168
22.0749685892055
35.8975962186677
27.0305707901937
45.0280450996569
38.8570125636048
43.3801888017061
22.3585429823849
41.6091899887403
35.8016022237242
11.0099701835374
44.7593100302308
42.7075232580347
24.8800291266091
20.5092223462248
21.2205345865946
29.2109522226588
13.6201479008946
36.1439512032175
21.4378454649995
48.9296656846107
14.4450825307967
36.0215227971607
36.3179304720936
18.1615611362641
21.2972288549284
21.6531992013344
20.4366863520465
17.4249799463296
12.1780844094053
8.58523513714971
21.0604891572011
25.9241574829113
43.1233089403247
21.488477763506
22.7671018429049
17.6145863527909
17.933642257518
23.4876279057466
32.1437169672023
18.8428924010604
38.9805810669439
32.5257436597487
42.4308819809197
18.1442200180457
15.2529363876846
45.906269453673
19.8599932409962
9.41997370612353
19.5290952732346
16.4809500537177
27.3188621731671
15.2630601193177
25.6529444897427
35.6334519224955
34.9940954114359
42.7087671729946
24.4232295998441
25.8988884892267
35.7096327936229
32.5114909816784
4.60099544251424
35.6183942908179
16.5421978765248
18.0520839431968
16.8208656947078
34.5684626319688
14.1428171048021
33.3218435707369
26.3454492745473
22.8137532781793
40.4639662260406
32.4919461755998
22.1124054202949
23.1625122717439
22.539171786037
25.1060885624626
19.7486529788487
41.6445685975135
42.5978473650075
40.913139804037
32.8985473610451
15.6237883463445
35.1744667847376
38.5473716032456
27.0430550251452
13.5063966541662
21.3588819047793
9.27311097364922
15.6605490516478
15.9781960566887
36.7582993446151
15.8550626622989
31.6494041742412
22.6494245689411
44.8850802023691
32.6182895670924
25.3932062767614
23.2383436683586
47.9181219655767
41.3928577105651
27.9207393765529
32.3038589552027
17.6442161078537
44.397573828153
20.9453034954412
28.6514413522034
47.2683049387469
27.1081529117277
20.8753139334585
48.3931478911956
33.499541146886
29.0878287470736
42.1361075164788
13.7973997706369
28.6494831043755
24.5286319379337
19.6992433844926
12.6066878577813
43.4855968178509
18.5357702277546
44.1174329667224
22.4003932926894
15.854428907633
34.393503719981
29.6427501187048
19.1911123966089
32.0176612643071
30.9013635205661
32.6226463557721
28.150351313426
45.1746179336222
19.1556100179336
16.1625592642161
29.8765467932487
11.2636492685741
21.0379485754093
28.0706835237862
39.5023737383827
19.8560491352944
25.5944299345367
44.2712230098135
28.4189029096171
24.7544756679027
24.9708939259879
39.5242251436942
11.7925273594051
11.7046219129799
39.9384995441672
37.610181232258
39.4848783760281
52.4387398329124
31.5563209008874
23.9298106713668
23.790721459306
22.94970779573
35.0176642926173
27.5668577351805
15.877921930933
30.1924235303777
43.3151248210656
43.0991426096862
29.316309204871
47.698911350497
27.1708410688693
22.610301127724
17.5777289909075
32.8641398934194
20.5250645230335
42.9290471475474
26.9664031256684
36.9167191755054
19.0716303400228
21.7307434472519
28.9903619273199
31.3509793612823
16.4766054304765
21.6718560194859
14.1459640035347
18.5762914238895
46.5911199179076
34.5260962945864
12.6006962340455
22.4903355452178
24.3137266842225
43.5825842623048
23.2793222072195
34.2130405711581
11.2493099895097
45.6617688919824
31.5179387412894
31.9481082951462
20.3666719938729
9.93234598188949
41.0276803800333
35.7580891753923
27.2054064104558
19.8087278424576
24.6170172771343
9.59118320760419
36.7767881998382
26.7181476151979
49.6136268043927
9.60932546174417
22.597896773047
32.2396936724281
30.7927840989236
15.7052585434301
13.6162434918438
21.4719326455284
23.9164827691383
21.6047559469387
27.3190376339532
43.5084355655733
22.6287452310336
40.0374223482613
14.9532732806389
28.4574826624979
30.7535019193399
25.1288528907976
27.6664374778855
20.7941143991413
32.4706774904153
20.7289412420729
27.793639696371
44.0361185868991
37.4299196498713
42.13316391135
19.3734113192326
40.4711625060988
27.6029371004549
21.7614809764343
15.0605924821971
49.6073994770972
32.1348975302219
40.1133632391342
35.3989355394894
18.8298985167074
25.2467605009012
30.2335992581282
25.2038457216799
26.3983619637405
32.9545375152016
12.9157280737728
38.7538375822071
30.3970887058668
40.3266857425641
1.69496701563545
21.3213907998138
35.4027186174142
24.2801108982657
38.1963544100773
24.4295472981017
14.5066767107588
27.4327688978639
38.936859012983
34.5347884106809
11.1467012506948
45.1020943169722
21.3173300198203
37.2396519982124
36.2327150979572
32.1926803434921
43.8270506428318
37.5863510061235
18.846991795404
28.0712838692628
35.7710972445055
19.9326928747821
28.8809022291905
14.6215804782425
25.031435643724
37.4200909712498
21.2010412963951
49.0370095321802
6.28945322327373
28.5350969792408
43.8869945377086
36.6402675807545
29.5315221910605
36.0054720074964
18.0844786522475
15.4019484387045
18.7820261385137
21.3502495331566
20.4550849032717
31.9368998366011
38.6966752983003
37.5860638885583
13.0825491937639
14.173538032175
16.5225907571659
16.9521380849062
38.8579804355144
4.80587423139443
32.5516270124099
21.5412745365173
24.2379966090439
25.525637832022
32.9354402644763
22.6578164336299
18.0786723198322
41.4737639020513
18.9445016847155
44.5259845539372
27.8063543195884
23.7382226494436
16.343967047888
37.1287714740476
41.2709870387644
40.3323321827487
39.9440442130136
29.4294616265336
38.0301383028687
18.2061522132077
38.3031247894448
21.2420745749231
19.611776402608
31.8560700291303
39.2688715851561
17.8167635449898
29.4243145463595
35.5028952837107
24.7277548627919
16.5888765849682
39.3218611665488
22.929829502068
21.6439301884172
22.796641588195
43.6702935640815
18.1242083900164
27.1004075421743
35.8712380409955
39.3013979400657
25.7492028802547
36.7039668559138
35.6475309429764
41.3331087541308
39.6362760575742
19.4858343981186
37.1588681560532
19.5751311966968
19.6925747326453
37.3162074000003
38.1093709032183
42.4654669810513
19.1585288343429
23.0593747535453
36.7001759129567
40.3180200759868
47.3374294666567
28.0062351070276
16.7070255232969
20.7996774085358
24.4887521193058
37.1182307877032
13.1655531671171
34.9401054338783
43.0452249884712
29.3422165282935
19.5050140322429
28.1182115480321
17.2542077183261
29.4699644384168
22.3563481111364
22.838913255688
22.0810787021591
37.6543018154077
41.150313048012
32.7446946904004
43.7863083934474
15.2808422785257
31.3632762301097
17.7880848624788
35.6200214120202
14.6946506723056
24.7471998438596
46.8245079656942
39.1662036147137
21.3545914998427
47.0440444881205
20.0907265495283
28.5986251991018
22.1381346909958
44.4873754511609
28.6711938800394
21.3204601625007
36.3108100334602
28.9809741137141
31.9518406668097
24.7112250165683
43.4673696691406
45.6127151078307
42.5847472810593
37.081815435862
46.2326526958
27.1478599840958
35.338118734589
32.0801227821429
32.5400942332403
40.2290659069137
24.9510023391493
40.355638080772
30.8206452095601
50.0401573498602
23.1482017655552
17.3757610778711
45.3669387656987
22.53283655511
36.6965541434538
14.8845548818318
27.2522944567799
39.0509535052512
45.1215640278986
29.8841826877155
40.7348602083663
21.5630651386442
20.577321354457
18.3183238775772
38.5810723827161
27.8276528625308
36.4716178522741
39.3659256248362
33.119412986128
21.080543612434
11.7689064303848
36.4128090235285
41.5146916854652
24.8102077904531
18.0771003329121
37.8056095688015
25.5114782220824
30.5072900888615
23.0694487606258
24.3997146015969
19.5982160449426
24.3489027966802
20.05970529784
12.753735612994
22.2031349253502
17.8454358117302
18.8634812962363
41.0052517744431
18.8163634563043
20.7916476328355
32.1566953356703
39.4137133568376
21.1195319730867
30.5454053697512
27.7332883003503
17.7100258789529
19.9299682910847
33.5138627767588
36.5406753691872
32.6446434278363
33.3420282038123
40.5178989622879
29.3397775952121
23.7675304451704
43.0316801750995
16.8917357873784
26.6328972242454
26.4580285837073
38.0623910122233
43.0538115704855
43.4446025096782
23.5558729110788
36.9400984224493
35.3414262069449
32.6540617371569
39.758994269854
13.1291896278253
22.9574302568216
19.7894681955575
13.5521461042579
22.8469731482842
48.2126916636081
33.1923513027642
27.0373049157764
21.2391567712104
21.1685386522563
22.0702462649951
18.6065751714235
21.1294687227328
25.3962834582947
39.7295565567326
50.1399468337628
27.9879506133617
15.2257041497882
20.591698580432
20.3399649382141
33.5579729491276
27.7539912656925
31.1736386989951
15.5746047855276
24.177234787636
21.6638574203876
41.3764786005385
39.8105667643922
16.5510447698948
40.4615246175395
29.4496034097951
36.9213056428848
25.17792385289
36.0381424950002
19.6623253160017
28.9408122902721
23.0393153478669
32.7848218812144
41.3279317188388
44.972262857328
9.93531686417195
28.5279905598552
20.7681258829744
48.0639929768485
37.8724533235895
32.773092204604
14.6632792603713
27.1589375372791
43.100434994345
21.2552320689395
7.83980221614703
49.0408273297801
22.1167059882132
34.2139816787231
44.5039126198943
21.9532523323102
39.1145370162465
46.2983579269875
24.7926749251864
31.6402566486639
21.6334942039313
45.3028962917724
35.7935351868015
20.8915125727168
18.5534407802193
35.7583605596182
41.1529686838152
19.0205179190532
26.7529945400642
49.7985567381393
22.9042345325875
16.1899079429892
22.2833727410138
43.865900085396
33.6874290683224
28.5627645763504
43.2749923723849
31.6666445015828
35.1430673493903
34.7125960181843
5.13542420625867
42.8035354388641
34.3314445336302
16.5972798255234
16.9214460793072
18.1170948708171
35.8719750151907
39.2865291806956
21.2627532668724
47.4837934756169
21.920731104348
22.2134581780544
29.4710172151486
30.3400607964064
24.2313257826717
37.7333915819363
19.92700274824
27.5937085381404
21.0204663737473
24.7607201334151
23.5470992604774
16.91668617905
35.2044403689832
36.5445324154538
37.6685174097489
33.0650948010771
18.3880283688447
39.3388838776109
31.5878086306023
31.2551557829992
21.364550096181
34.4720211620874
26.0595677431888
35.3251609392479
45.1385237811739
35.23417695644
19.9513694566361
15.0993234377773
26.3918293746651
21.7540489538296
19.0817878098263
40.9514764899495
45.3677459638207
11.5732117020009
43.0956230561373
21.4856762099133
15.2289284537303
19.3147973864866
25.4684307593371
33.1438320454997
29.8333552947117
26.1240074637225
22.5766449003369
41.0513026178126
19.2705937338645
37.0235609067058
23.3307474992424
27.3119696364818
26.8103409884241
26.1583577001964
27.0213523982861
26.2806739073283
20.155610280057
18.549263499507
32.2514274975187
26.5385702235246
37.6822921245073
21.5264433401506
14.6208911862062
40.2117279217888
30.4999836530339
21.5648242342739
25.1688587618332
23.7357131700584
32.9131359910661
26.2514220329422
28.2918222500585
38.9239989713875
22.2977843528252
18.1463499812756
23.8039258658609
25.3376671626862
17.9867620428712
38.0642312645106
34.2650811206909
39.3764090095192
37.3487003377305
29.9162013178409
31.2134062172504
17.3789608003651
22.912103360794
21.1082379361221
22.3546911663451
32.7295142163453
20.2892420163252
33.8239629199347
28.416128455766
44.3651567242819
37.4426989223219
45.9334532263956
38.4401139228878
35.1098898147664
27.3312125378124
24.8603018465316
34.9766056168776
38.8877332792667
18.3190732218233
40.7293129867744
27.4029483699414
30.6915609073605
35.1451198420417
30.8984579268215
44.6921859893847
26.2524890759145
21.6958917011481
44.7572172833155
14.4293503770191
21.9502168889616
39.663714309281
30.9353051932726
45.5390499007701
20.003725931269
23.5593167096262
20.4349015043661
31.5515831974001
17.3257617065839
37.0269334885156
38.4968493066721
46.800039762035
22.4777503961887
25.2974234940983
38.5791053569957
26.1290804705591
38.2619801457557
26.1713090645756
27.8582040846329
10.3122531748768
29.3020198939991
29.9650879579784
40.2802159483204
21.2881212150904
19.8037741610233
26.1384092278469
30.808566783519
21.8534292066535
18.3800361501095
35.9262557424957
19.1811405299845
13.6421144024097
42.7599382284156
30.1580823984589
23.4909414568741
39.2496425370532
15.1995959724095
22.3465358800792
21.601377260631
41.4903759617158
46.3333040336382
25.2533294842806
14.2398021809428
15.8064665203847
43.5139528239676
26.3450783762708
15.983780989942
28.3061495085286
19.703984694127
27.1242319115394
22.6941119990011
41.761890198914
20.0144802101449
11.8058532386582
34.6050267225591
44.6882941537836
23.5091239883344
38.9896984955453
25.0893430094008
29.6927786110244
15.9739122947507
18.3022265173591
24.2505171187726
27.4770850869146
24.2708228248839
21.8656572890021
23.3053578053898
11.3900042859271
35.7344386255289
13.577239508505
34.2818613426045
39.3773153474792
14.070197503953
30.8229061737226
43.7172446680762
23.1595635129375
26.9493566953358
13.3375694345013
43.6068355371714
26.7121069441576
27.3744625490858
23.0372328848394
38.5008690366245
13.3587400089984
37.6618908365069
47.3077928220465
28.5523430483778
40.1776695755437
38.1445376146274
37.5998035964124
36.9556955699726
8.14149868433993
31.0435907825245
43.2553661614506
30.0325370115872
31.6192610284242
37.8607532640588
34.3343470934329
25.5075029397772
30.1601904783524
17.4928308132837
15.1585383453211
21.3096419809326
17.8688479412925
33.8479422883515
33.6745897977278
15.1950087124033
20.6165131551673
29.2946561573919
37.9159145711545
42.6787062181076
38.5861869336664
48.172599193805
31.4933346656475
26.8742153479055
48.4652874328496
38.2705848832757
44.8648829056102
44.6916316847084
11.0300589558046
35.7454562895166
27.1972059489295
17.5522078960504
11.7487157243858
41.7465316159795
44.4265644782087
14.1790053426836
29.9553015848764
12.3986346788773
32.3564828889393
14.9940873485327
22.5674885573123
31.9793658832258
4.18289865793827
15.4628889003257
33.8612879469474
37.1721931080206
30.7759042752463
33.1232241855361
23.5350720718601
39.4916479268599
16.9775112382622
20.2455087954248
48.7279269413825
23.9221827544215
40.4567057111635
19.927610716775
19.9793391986703
21.2016438802546
40.6819547257559
43.3637860190598
33.1991381923471
41.6190722424217
33.1864771555593
39.516799598816
14.2298458087185
25.5377250141756
19.2236897482576
18.0882936094562
34.8532673851334
22.9384073396711
18.0862333863002
20.4337134639631
17.9028566383159
30.1105847191307
20.0273624406876
21.7083103203279
16.8150637109463
23.8760902194976
32.0266460680646
24.5941694440624
31.4506178384281
19.9608313150911
